This is the result for Question 3 Missionaries and Cannibals 

Tree search: 

BreadthFirstTreeSearch:		(cost=11.0, expansions=10828)	[0, 3, 0, 3, 0, 1] [2, 1, 0, 3, 1, 0] [1, 2, 0, 3, 0, 1] [3, 0, 0, 3, 1, 0] [2, 1, 0, 3, 0, 1] [2, 1, 2, 1, 1, 0] [1, 2, 1, 2, 0, 1] [1, 2, 3, 0, 1, 0] [0, 3, 3, 0, 0, 1] [2, 1, 3, 0, 1, 0] [1, 2, 3, 0, 0, 1] [3, 0, 3, 0, 1, 0] 
DepthFirstTreeSearch:		(cost=153.0, expansions=153)	[0, 3, 0, 3, 0, 1] [2, 1, 0, 3, 1, 0] [0, 3, 0, 3, 0, 1] [2, 1, 0, 3, 1, 0] [1, 2, 0, 3, 0, 1] [2, 1, 0, 3, 1, 0] [0, 3, 0, 3, 0, 1] [2, 1, 0, 3, 1, 0] [1, 2, 0, 3, 0, 1] [2, 1, 0, 3, 1, 0] [0, 3, 0, 3, 0, 1] [1, 2, 0, 3, 1, 0] [0, 3, 0, 3, 0, 1] [1, 2, 0, 3, 1, 0] [0, 3, 0, 3, 0, 1] [1, 2, 1, 2, 1, 0] [0, 3, 0, 3, 0, 1] [2, 1, 0, 3, 1, 0] [1, 2, 0, 3, 0, 1] [3, 0, 0, 3, 1, 0] [1, 2, 0, 3, 0, 1] [1, 2, 1, 2, 1, 0] [1, 2, 0, 3, 0, 1] [3, 0, 0, 3, 1, 0] [1, 2, 0, 3, 0, 1] [3, 0, 0, 3, 1, 0] [2, 1, 0, 3, 0, 1] [3, 0, 0, 3, 1, 0] [2, 1, 0, 3, 0, 1] [3, 0, 0, 3, 1, 0] [1, 2, 0, 3, 0, 1] [1, 2, 1, 2, 1, 0] [0, 3, 0, 3, 0, 1] [1, 2, 1, 2, 1, 0] [1, 2, 0, 3, 0, 1] [3, 0, 0, 3, 1, 0] [2, 1, 0, 3, 0, 1] [3, 0, 0, 3, 1, 0] [1, 2, 0, 3, 0, 1] [2, 1, 0, 3, 1, 0] [1, 2, 0, 3, 0, 1] [3, 0, 0, 3, 1, 0] [1, 2, 0, 3, 0, 1] [3, 0, 0, 3, 1, 0] [1, 2, 0, 3, 0, 1] [2, 1, 0, 3, 1, 0] [0, 3, 0, 3, 0, 1] [1, 2, 1, 2, 1, 0] [1, 2, 0, 3, 0, 1] [1, 2, 1, 2, 1, 0] [0, 3, 0, 3, 0, 1] [2, 1, 0, 3, 1, 0] [0, 3, 0, 3, 0, 1] [1, 2, 1, 2, 1, 0] [1, 2, 0, 3, 0, 1] [2, 1, 0, 3, 1, 0] [1, 2, 0, 3, 0, 1] [1, 2, 1, 2, 1, 0] [1, 2, 0, 3, 0, 1] [1, 2, 1, 2, 1, 0] [0, 3, 0, 3, 0, 1] [2, 1, 0, 3, 1, 0] [0, 3, 0, 3, 0, 1] [2, 1, 0, 3, 1, 0] [0, 3, 0, 3, 0, 1] [1, 2, 1, 2, 1, 0] [1, 2, 0, 3, 0, 1] [1, 2, 1, 2, 1, 0] [1, 2, 0, 3, 0, 1] [2, 1, 0, 3, 1, 0] [1, 2, 0, 3, 0, 1] [3, 0, 0, 3, 1, 0] [1, 2, 0, 3, 0, 1] [2, 1, 0, 3, 1, 0] [1, 2, 0, 3, 0, 1] [3, 0, 0, 3, 1, 0] [1, 2, 0, 3, 0, 1] [3, 0, 0, 3, 1, 0] [1, 2, 0, 3, 0, 1] [2, 1, 0, 3, 1, 0] [1, 2, 0, 3, 0, 1] [2, 1, 0, 3, 1, 0] [1, 2, 0, 3, 0, 1] [1, 2, 1, 2, 1, 0] [1, 2, 0, 3, 0, 1] [3, 0, 0, 3, 1, 0] [1, 2, 0, 3, 0, 1] [1, 2, 1, 2, 1, 0] [0, 3, 0, 3, 0, 1] [1, 2, 1, 2, 1, 0] [1, 2, 0, 3, 0, 1] [2, 1, 0, 3, 1, 0] [1, 2, 0, 3, 0, 1] [2, 1, 0, 3, 1, 0] [1, 2, 0, 3, 0, 1] [1, 2, 1, 2, 1, 0] [0, 3, 0, 3, 0, 1] [2, 1, 0, 3, 1, 0] [0, 3, 0, 3, 0, 1] [2, 1, 0, 3, 1, 0] [0, 3, 0, 3, 0, 1] [1, 2, 1, 2, 1, 0] [1, 2, 0, 3, 0, 1] [3, 0, 0, 3, 1, 0] [2, 1, 0, 3, 0, 1] [2, 1, 2, 1, 1, 0] [1, 2, 1, 2, 0, 1] [2, 1, 2, 1, 1, 0] [2, 1, 0, 3, 0, 1] [2, 1, 2, 1, 1, 0] [2, 1, 0, 3, 0, 1] [2, 1, 2, 1, 1, 0] [2, 1, 0, 3, 0, 1] [2, 1, 2, 1, 1, 0] [1, 2, 1, 2, 0, 1] [2, 1, 2, 1, 1, 0] [2, 1, 0, 3, 0, 1] [3, 0, 0, 3, 1, 0] [2, 1, 0, 3, 0, 1] [3, 0, 0, 3, 1, 0] [2, 1, 0, 3, 0, 1] [2, 1, 2, 1, 1, 0] [1, 2, 1, 2, 0, 1] [1, 2, 3, 0, 1, 0] [0, 3, 3, 0, 0, 1] [1, 2, 3, 0, 1, 0] [0, 3, 3, 0, 0, 1] [1, 2, 3, 0, 1, 0] [0, 3, 3, 0, 0, 1] [1, 2, 3, 0, 1, 0] [1, 2, 1, 2, 0, 1] [2, 1, 2, 1, 1, 0] [2, 1, 0, 3, 0, 1] [2, 1, 2, 1, 1, 0] [2, 1, 0, 3, 0, 1] [3, 0, 0, 3, 1, 0] [1, 2, 0, 3, 0, 1] [2, 1, 0, 3, 1, 0] [1, 2, 0, 3, 0, 1] [3, 0, 0, 3, 1, 0] [2, 1, 0, 3, 0, 1] [2, 1, 2, 1, 1, 0] [2, 1, 0, 3, 0, 1] [2, 1, 2, 1, 1, 0] [1, 2, 1, 2, 0, 1] [1, 2, 3, 0, 1, 0] [1, 2, 1, 2, 0, 1] [1, 2, 3, 0, 1, 0] [0, 3, 3, 0, 0, 1] [2, 1, 3, 0, 1, 0] [2, 1, 2, 1, 0, 1] [2, 1, 3, 0, 1, 0] [2, 1, 2, 1, 0, 1] [3, 0, 3, 0, 1, 0] 
UniformCostTreeSearch:		(cost=11.0, expansions=9431)	[0, 3, 0, 3, 0, 1] [2, 1, 0, 3, 1, 0] [1, 2, 0, 3, 0, 1] [3, 0, 0, 3, 1, 0] [2, 1, 0, 3, 0, 1] [2, 1, 2, 1, 1, 0] [1, 2, 1, 2, 0, 1] [1, 2, 3, 0, 1, 0] [0, 3, 3, 0, 0, 1] [2, 1, 3, 0, 1, 0] [1, 2, 3, 0, 0, 1] [3, 0, 3, 0, 1, 0] 
GreedyBestFirstTreeSearch:		(cost=11.0, expansions=17)	[0, 3, 0, 3, 0, 1] [1, 2, 1, 2, 1, 0] [1, 2, 0, 3, 0, 1] [3, 0, 0, 3, 1, 0] [2, 1, 0, 3, 0, 1] [2, 1, 2, 1, 1, 0] [1, 2, 1, 2, 0, 1] [1, 2, 3, 0, 1, 0] [0, 3, 3, 0, 0, 1] [2, 1, 3, 0, 1, 0] [2, 1, 2, 1, 0, 1] [3, 0, 3, 0, 1, 0] 
AstarTreeSearch:		(cost=11.0, expansions=92)	[0, 3, 0, 3, 0, 1] [2, 1, 0, 3, 1, 0] [1, 2, 0, 3, 0, 1] [3, 0, 0, 3, 1, 0] [2, 1, 0, 3, 0, 1] [2, 1, 2, 1, 1, 0] [1, 2, 1, 2, 0, 1] [1, 2, 3, 0, 1, 0] [0, 3, 3, 0, 0, 1] [2, 1, 3, 0, 1, 0] [1, 2, 3, 0, 0, 1] [3, 0, 3, 0, 1, 0] 
IterativeDeepeningTreeSearch:		(cost=11.0, expansions=423)	[0, 3, 0, 3, 0, 1] [2, 1, 0, 3, 1, 0] [1, 2, 0, 3, 0, 1] [3, 0, 0, 3, 1, 0] [2, 1, 0, 3, 0, 1] [2, 1, 2, 1, 1, 0] [1, 2, 1, 2, 0, 1] [1, 2, 3, 0, 1, 0] [0, 3, 3, 0, 0, 1] [2, 1, 3, 0, 1, 0] [2, 1, 2, 1, 0, 1] [3, 0, 3, 0, 1, 0] 
Graph search: 

BreadthFirstGraphSearch:	(cost=11.0, expansions=11425)	[0, 3, 0, 3, 0, 1] [2, 1, 0, 3, 1, 0] [1, 2, 0, 3, 0, 1] [3, 0, 0, 3, 1, 0] [2, 1, 0, 3, 0, 1] [2, 1, 2, 1, 1, 0] [1, 2, 1, 2, 0, 1] [1, 2, 3, 0, 1, 0] [0, 3, 3, 0, 0, 1] [2, 1, 3, 0, 1, 0] [2, 1, 2, 1, 0, 1] [3, 0, 3, 0, 1, 0] 
DepthFirstGraphSearch:		(cost=11.0, expansions=12)	[0, 3, 0, 3, 0, 1] [2, 1, 0, 3, 1, 0] [1, 2, 0, 3, 0, 1] [3, 0, 0, 3, 1, 0] [2, 1, 0, 3, 0, 1] [2, 1, 2, 1, 1, 0] [1, 2, 1, 2, 0, 1] [1, 2, 3, 0, 1, 0] [0, 3, 3, 0, 0, 1] [2, 1, 3, 0, 1, 0] [1, 2, 3, 0, 0, 1] [3, 0, 3, 0, 1, 0] 
UniformCostGraphSearch:		(cost=11.0, expansions=14)	[0, 3, 0, 3, 0, 1] [2, 1, 0, 3, 1, 0] [1, 2, 0, 3, 0, 1] [3, 0, 0, 3, 1, 0] [2, 1, 0, 3, 0, 1] [2, 1, 2, 1, 1, 0] [1, 2, 1, 2, 0, 1] [1, 2, 3, 0, 1, 0] [0, 3, 3, 0, 0, 1] [2, 1, 3, 0, 1, 0] [1, 2, 3, 0, 0, 1] [3, 0, 3, 0, 1, 0] 
GreedyBestGraphTreeSearch:		(cost=11.0, expansions=12)	[0, 3, 0, 3, 0, 1] [1, 2, 1, 2, 1, 0] [1, 2, 0, 3, 0, 1] [3, 0, 0, 3, 1, 0] [2, 1, 0, 3, 0, 1] [2, 1, 2, 1, 1, 0] [1, 2, 1, 2, 0, 1] [1, 2, 3, 0, 1, 0] [0, 3, 3, 0, 0, 1] [2, 1, 3, 0, 1, 0] [2, 1, 2, 1, 0, 1] [3, 0, 3, 0, 1, 0] 
AstarGraphSearch:		(cost=11.0, expansions=13)	[0, 3, 0, 3, 0, 1] [2, 1, 0, 3, 1, 0] [1, 2, 0, 3, 0, 1] [3, 0, 0, 3, 1, 0] [2, 1, 0, 3, 0, 1] [2, 1, 2, 1, 1, 0] [1, 2, 1, 2, 0, 1] [1, 2, 3, 0, 1, 0] [0, 3, 3, 0, 0, 1] [2, 1, 3, 0, 1, 0] [2, 1, 2, 1, 0, 1] [3, 0, 3, 0, 1, 0] 
IterativeDeepeningGraphSearch:		(cost=11.0, expansions=12)	[0, 3, 0, 3, 0, 1] [1, 2, 1, 2, 1, 0] [1, 2, 0, 3, 0, 1] [3, 0, 0, 3, 1, 0] [2, 1, 0, 3, 0, 1] [2, 1, 2, 1, 1, 0] [1, 2, 1, 2, 0, 1] [1, 2, 3, 0, 1, 0] [0, 3, 3, 0, 0, 1] [2, 1, 3, 0, 1, 0] [1, 2, 3, 0, 0, 1] [3, 0, 3, 0, 1, 0] 
The Heuristic function is using the '2n-1'
------------------------------------------------------ 

