This is the result for Question 2 Wolf-Goat-Cabbage 

Tree search: 

BreadthFirstTreeSearch:		(cost=7.0, expansions=112)	[1, 0, 1, 0, 1, 0, 1, 0] [0, 1, 1, 0, 0, 1, 1, 0] [1, 0, 1, 0, 0, 1, 1, 0] [0, 1, 0, 1, 0, 1, 1, 0] [1, 0, 0, 1, 1, 0, 1, 0] [0, 1, 0, 1, 1, 0, 0, 1] [1, 0, 0, 1, 1, 0, 0, 1] [0, 1, 0, 1, 0, 1, 0, 1] 
DepthFirstTreeSearch:		(cost=37.0, expansions=37)	[1, 0, 1, 0, 1, 0, 1, 0] [0, 1, 1, 0, 0, 1, 1, 0] [1, 0, 1, 0, 0, 1, 1, 0] [0, 1, 1, 0, 0, 1, 1, 0] [1, 0, 1, 0, 1, 0, 1, 0] [0, 1, 1, 0, 0, 1, 1, 0] [1, 0, 1, 0, 0, 1, 1, 0] [0, 1, 1, 0, 0, 1, 1, 0] [1, 0, 1, 0, 1, 0, 1, 0] [0, 1, 1, 0, 0, 1, 1, 0] [1, 0, 1, 0, 0, 1, 1, 0] [0, 1, 1, 0, 0, 1, 1, 0] [1, 0, 1, 0, 1, 0, 1, 0] [0, 1, 1, 0, 0, 1, 1, 0] [1, 0, 1, 0, 0, 1, 1, 0] [0, 1, 1, 0, 0, 1, 1, 0] [1, 0, 1, 0, 1, 0, 1, 0] [0, 1, 1, 0, 0, 1, 1, 0] [1, 0, 1, 0, 1, 0, 1, 0] [0, 1, 1, 0, 0, 1, 1, 0] [1, 0, 1, 0, 1, 0, 1, 0] [0, 1, 1, 0, 0, 1, 1, 0] [1, 0, 1, 0, 0, 1, 1, 0] [0, 1, 1, 0, 0, 1, 1, 0] [1, 0, 1, 0, 0, 1, 1, 0] [0, 1, 1, 0, 0, 1, 0, 1] [1, 0, 1, 0, 1, 0, 0, 1] [0, 1, 1, 0, 0, 1, 0, 1] [1, 0, 1, 0, 1, 0, 0, 1] [0, 1, 1, 0, 0, 1, 0, 1] [1, 0, 1, 0, 1, 0, 0, 1] [0, 1, 1, 0, 0, 1, 0, 1] [1, 0, 1, 0, 1, 0, 0, 1] [0, 1, 0, 1, 1, 0, 0, 1] [1, 0, 0, 1, 1, 0, 0, 1] [0, 1, 0, 1, 1, 0, 0, 1] [1, 0, 0, 1, 1, 0, 0, 1] [0, 1, 0, 1, 0, 1, 0, 1] 
UniformCostTreeSearch:		(cost=7.0, expansions=83)	[1, 0, 1, 0, 1, 0, 1, 0] [0, 1, 1, 0, 0, 1, 1, 0] [1, 0, 1, 0, 0, 1, 1, 0] [0, 1, 0, 1, 0, 1, 1, 0] [1, 0, 0, 1, 1, 0, 1, 0] [0, 1, 0, 1, 1, 0, 0, 1] [1, 0, 0, 1, 1, 0, 0, 1] [0, 1, 0, 1, 0, 1, 0, 1] 
GreedyBestFirstTreeSearch:		(cost=7.0, expansions=9)	[1, 0, 1, 0, 1, 0, 1, 0] [0, 1, 1, 0, 0, 1, 1, 0] [1, 0, 1, 0, 0, 1, 1, 0] [0, 1, 0, 1, 0, 1, 1, 0] [1, 0, 0, 1, 1, 0, 1, 0] [0, 1, 0, 1, 1, 0, 0, 1] [1, 0, 0, 1, 1, 0, 0, 1] [0, 1, 0, 1, 0, 1, 0, 1] 
AstarTreeSearch:		(cost=7.0, expansions=19)	[1, 0, 1, 0, 1, 0, 1, 0] [0, 1, 1, 0, 0, 1, 1, 0] [1, 0, 1, 0, 0, 1, 1, 0] [0, 1, 0, 1, 0, 1, 1, 0] [1, 0, 0, 1, 1, 0, 1, 0] [0, 1, 0, 1, 1, 0, 0, 1] [1, 0, 0, 1, 1, 0, 0, 1] [0, 1, 0, 1, 0, 1, 0, 1] 
IterativeDeepeningTreeSearch:		(cost=7.0, expansions=35)	[1, 0, 1, 0, 1, 0, 1, 0] [0, 1, 1, 0, 0, 1, 1, 0] [1, 0, 1, 0, 0, 1, 1, 0] [0, 1, 1, 0, 0, 1, 0, 1] [1, 0, 1, 0, 1, 0, 0, 1] [0, 1, 0, 1, 1, 0, 0, 1] [1, 0, 0, 1, 1, 0, 0, 1] [0, 1, 0, 1, 0, 1, 0, 1] 
Graph search: 

BreadthFirstGraphSearch:	(cost=7.0, expansions=91)	[1, 0, 1, 0, 1, 0, 1, 0] [0, 1, 1, 0, 0, 1, 1, 0] [1, 0, 1, 0, 0, 1, 1, 0] [0, 1, 0, 1, 0, 1, 1, 0] [1, 0, 0, 1, 1, 0, 1, 0] [0, 1, 0, 1, 1, 0, 0, 1] [1, 0, 0, 1, 1, 0, 0, 1] [0, 1, 0, 1, 0, 1, 0, 1] 
DepthFirstGraphSearch:		(cost=7.0, expansions=7)	[1, 0, 1, 0, 1, 0, 1, 0] [0, 1, 1, 0, 0, 1, 1, 0] [1, 0, 1, 0, 0, 1, 1, 0] [0, 1, 0, 1, 0, 1, 1, 0] [1, 0, 0, 1, 1, 0, 1, 0] [0, 1, 0, 1, 1, 0, 0, 1] [1, 0, 0, 1, 1, 0, 0, 1] [0, 1, 0, 1, 0, 1, 0, 1] 
UniformCostGraphSearch:		(cost=7.0, expansions=9)	[1, 0, 1, 0, 1, 0, 1, 0] [0, 1, 1, 0, 0, 1, 1, 0] [1, 0, 1, 0, 0, 1, 1, 0] [0, 1, 1, 0, 0, 1, 0, 1] [1, 0, 1, 0, 1, 0, 0, 1] [0, 1, 0, 1, 1, 0, 0, 1] [1, 0, 0, 1, 1, 0, 0, 1] [0, 1, 0, 1, 0, 1, 0, 1] 
GreedyBestGraphTreeSearch:		(cost=7.0, expansions=8)	[1, 0, 1, 0, 1, 0, 1, 0] [0, 1, 1, 0, 0, 1, 1, 0] [1, 0, 1, 0, 0, 1, 1, 0] [0, 1, 0, 1, 0, 1, 1, 0] [1, 0, 0, 1, 1, 0, 1, 0] [0, 1, 0, 1, 1, 0, 0, 1] [1, 0, 0, 1, 1, 0, 0, 1] [0, 1, 0, 1, 0, 1, 0, 1] 
AstarGraphSearch:		(cost=7.0, expansions=8)	[1, 0, 1, 0, 1, 0, 1, 0] [0, 1, 1, 0, 0, 1, 1, 0] [1, 0, 1, 0, 0, 1, 1, 0] [0, 1, 0, 1, 0, 1, 1, 0] [1, 0, 0, 1, 1, 0, 1, 0] [0, 1, 0, 1, 1, 0, 0, 1] [1, 0, 0, 1, 1, 0, 0, 1] [0, 1, 0, 1, 0, 1, 0, 1] 
IterativeDeepeningGraphSearch:		(cost=7.0, expansions=7)	[1, 0, 1, 0, 1, 0, 1, 0] [0, 1, 1, 0, 0, 1, 1, 0] [1, 0, 1, 0, 0, 1, 1, 0] [0, 1, 0, 1, 0, 1, 1, 0] [1, 0, 0, 1, 1, 0, 1, 0] [0, 1, 0, 1, 1, 0, 0, 1] [1, 0, 0, 1, 1, 0, 0, 1] [0, 1, 0, 1, 0, 1, 0, 1] 
The Heuristic function is using the '2n-1'
------------------------------------------------------ 

