   growth trt plot pot
1    14.6   1    1   1
2    15.2   1    1   1
3    13.2   1    1   2
4    12.9   1    1   2
5    16.4   1    1   3
6    12.2   1    1   3
7     7.1   2    2   4
8     7.7   2    2   4
9     6.8   2    2   5
10    6.0   2    2   5
11   10.0   2    2   6
12    8.3   2    2   6
13   18.5   1    3   7
14   16.7   1    3   7
15   22.2   1    3   8
16   18.8   1    3   8
17   24.7   1    3   9
18   20.3   1    3   9
19    9.7   2    4  10
20    8.8   2    4  10
21    6.8   2    4  11
22    9.0   2    4  11
23   10.4   2    4  12
24   11.3   2    4  12
