Tree search: 

BreadthFirstTreeSearch:		(cost=23.0, expansions=70)	[0, 0, 0] [12, 0, 0] [4, 8, 0] [1, 8, 3] 
DepthFirstTreeSearch:		(cost=473.0, expansions=110)	[0, 0, 0] [0, 0, 3] [3, 0, 0] [3, 8, 0] [11, 0, 0] [3, 8, 0] [0, 8, 3] [8, 0, 3] [8, 0, 0] [8, 8, 0] [5, 8, 3] [5, 8, 0] [2, 8, 3] [2, 0, 3] [2, 8, 3] [2, 8, 0] [10, 0, 0] [2, 8, 0] [2, 5, 3] [2, 5, 0] [2, 2, 3] [5, 2, 0] [2, 2, 3] [5, 2, 0] [5, 2, 3] [5, 2, 0] [2, 2, 3] [2, 2, 0] [2, 2, 3] [2, 2, 0] [2, 2, 3] [2, 5, 0] [2, 2, 3] [5, 2, 0] [2, 2, 3] [5, 2, 0] [2, 2, 3] [2, 2, 0] [2, 2, 3] [5, 2, 0] [2, 2, 3] [2, 5, 0] [2, 2, 3] [5, 2, 0] [2, 2, 3] [2, 5, 0] [2, 5, 3] [5, 5, 0] [2, 5, 3] [5, 5, 0] [5, 5, 3] [5, 8, 0] [5, 8, 3] [5, 0, 3] [8, 0, 0] [0, 8, 0] [0, 5, 3] [3, 5, 0] [3, 5, 3] [6, 5, 0] [6, 5, 3] [6, 8, 0] [6, 0, 0] [3, 0, 3] [3, 0, 0] [3, 8, 0] [3, 5, 3] [3, 5, 0] [3, 5, 3] [3, 8, 0] [3, 5, 3] [3, 5, 0] [0, 5, 3] [0, 5, 0] [0, 5, 3] [12, 5, 3] [0, 5, 3] [12, 5, 3] [0, 5, 3] [12, 5, 3] [12, 8, 0] [0, 8, 0] [0, 8, 3] [12, 8, 3] [12, 0, 3] [12, 0, 0] [4, 8, 0] [4, 5, 3] [4, 5, 0] [4, 2, 3] [7, 2, 0] [7, 2, 3] [10, 2, 0] [10, 2, 3] [10, 2, 0] [10, 2, 3] [10, 5, 0] [7, 5, 3] [7, 5, 0] [7, 5, 3] [7, 8, 0] [7, 5, 3] [7, 8, 0] [4, 8, 3] [7, 8, 0] [7, 8, 3] [7, 0, 3] [7, 3, 0] [4, 3, 3] [4, 6, 0] [1, 6, 3] 
UniformCostTreeSearch:		(cost=23.0, expansions=530)	[0, 0, 0] [12, 0, 0] [9, 0, 3] [1, 8, 3] 
GreedyBestFirstTreeSearch:		(cost=26.0, expansions=7)	[0, 0, 0] [12, 0, 0] [9, 0, 3] [9, 0, 0] [1, 8, 0] 
AstarTreeSearch:		(cost=23.0, expansions=563)	[0, 0, 0] [12, 0, 0] [9, 0, 3] [1, 8, 3] 
IterativeDeepeningTreeSearch:		(cost=23.0, expansions=9)	[0, 0, 0] [12, 0, 0] [4, 8, 0] [1, 8, 3] 
Graph search: 

BreadthFirstGraphSearch:	(cost=23.0, expansions=62)	[0, 0, 0] [12, 0, 0] [4, 8, 0] [1, 8, 3] 
DepthFirstGraphSearch:		(cost=131.0, expansions=45)	[0, 0, 0] [0, 0, 3] [3, 0, 0] [3, 8, 0] [11, 0, 0] [11, 8, 0] [11, 8, 3] [11, 0, 3] [11, 3, 0] [8, 3, 3] [8, 3, 0] [8, 0, 3] [8, 8, 3] [8, 8, 0] [8, 0, 0] [5, 0, 3] [5, 0, 0] [2, 0, 3] [2, 8, 3] [2, 8, 0] [10, 0, 0] [10, 8, 0] [7, 8, 3] [7, 0, 3] [7, 3, 0] [4, 3, 3] [4, 6, 0] [1, 6, 3] 
UniformCostGraphSearch:		(cost=23.0, expansions=51)	[0, 0, 0] [12, 0, 0] [4, 8, 0] [1, 8, 3] 
GreedyBestGraphTreeSearch:		(cost=71.0, expansions=29)	[0, 0, 0] [0, 8, 0] [0, 8, 3] [8, 0, 3] [8, 0, 0] [5, 0, 3] [5, 0, 0] [2, 0, 3] [2, 8, 3] [10, 0, 3] [10, 3, 0] [7, 3, 3] [7, 3, 0] [7, 0, 3] [7, 0, 0] [4, 0, 3] [4, 0, 0] [1, 0, 3] 
AstarGraphSearch:		(cost=23.0, expansions=54)	[0, 0, 0] [12, 0, 0] [9, 0, 3] [1, 8, 3] 
IterativeDeepeningGraphSearch:		(cost=23.0, expansions=12)	[0, 0, 0] [12, 0, 0] [9, 0, 3] [1, 8, 3] 
