Tree search: 

BreadthFirstTreeSearch:		(cost=7.0, expansions=82)	[1, 0, 1, 0, 1, 0, 1, 0] [0, 1, 1, 0, 0, 1, 1, 0] [1, 0, 1, 0, 0, 1, 1, 0] [0, 1, 0, 1, 0, 1, 1, 0] [1, 0, 0, 1, 1, 0, 1, 0] [0, 1, 0, 1, 1, 0, 0, 1] [1, 0, 0, 1, 1, 0, 0, 1] [0, 1, 0, 1, 0, 1, 0, 1] 
DepthFirstTreeSearch:		(cost=35.0, expansions=35)	[1, 0, 1, 0, 1, 0, 1, 0] [0, 1, 1, 0, 0, 1, 1, 0] [1, 0, 1, 0, 0, 1, 1, 0] [0, 1, 1, 0, 0, 1, 0, 1] [1, 0, 1, 0, 1, 0, 0, 1] [0, 1, 1, 0, 0, 1, 0, 1] [1, 0, 1, 0, 0, 1, 1, 0] [0, 1, 1, 0, 0, 1, 1, 0] [1, 0, 1, 0, 1, 0, 1, 0] [0, 1, 1, 0, 0, 1, 1, 0] [1, 0, 1, 0, 1, 0, 1, 0] [0, 1, 1, 0, 0, 1, 1, 0] [1, 0, 1, 0, 0, 1, 1, 0] [0, 1, 1, 0, 0, 1, 1, 0] [1, 0, 1, 0, 1, 0, 1, 0] [0, 1, 1, 0, 0, 1, 1, 0] [1, 0, 1, 0, 1, 0, 1, 0] [0, 1, 1, 0, 0, 1, 1, 0] [1, 0, 1, 0, 1, 0, 1, 0] [0, 1, 1, 0, 0, 1, 1, 0] [1, 0, 1, 0, 1, 0, 1, 0] [0, 1, 1, 0, 0, 1, 1, 0] [1, 0, 1, 0, 0, 1, 1, 0] [0, 1, 1, 0, 0, 1, 0, 1] [1, 0, 1, 0, 0, 1, 1, 0] [0, 1, 1, 0, 0, 1, 0, 1] [1, 0, 1, 0, 1, 0, 0, 1] [0, 1, 1, 0, 0, 1, 0, 1] [1, 0, 1, 0, 1, 0, 0, 1] [0, 1, 1, 0, 0, 1, 0, 1] [1, 0, 1, 0, 0, 1, 1, 0] [0, 1, 1, 0, 0, 1, 0, 1] [1, 0, 1, 0, 1, 0, 0, 1] [0, 1, 0, 1, 1, 0, 0, 1] [1, 0, 0, 1, 1, 0, 0, 1] [0, 1, 0, 1, 0, 1, 0, 1] 
UniformCostTreeSearch:		(cost=7.0, expansions=133)	[1, 0, 1, 0, 1, 0, 1, 0] [0, 1, 1, 0, 0, 1, 1, 0] [1, 0, 1, 0, 0, 1, 1, 0] [0, 1, 1, 0, 0, 1, 0, 1] [1, 0, 1, 0, 1, 0, 0, 1] [0, 1, 0, 1, 1, 0, 0, 1] [1, 0, 0, 1, 1, 0, 0, 1] [0, 1, 0, 1, 0, 1, 0, 1] 
GreedyBestFirstTreeSearch:		(cost=7.0, expansions=9)	[1, 0, 1, 0, 1, 0, 1, 0] [0, 1, 1, 0, 0, 1, 1, 0] [1, 0, 1, 0, 0, 1, 1, 0] [0, 1, 1, 0, 0, 1, 0, 1] [1, 0, 1, 0, 1, 0, 0, 1] [0, 1, 0, 1, 1, 0, 0, 1] [1, 0, 0, 1, 1, 0, 0, 1] [0, 1, 0, 1, 0, 1, 0, 1] 
AstarTreeSearch:		(cost=7.0, expansions=21)	[1, 0, 1, 0, 1, 0, 1, 0] [0, 1, 1, 0, 0, 1, 1, 0] [1, 0, 1, 0, 0, 1, 1, 0] [0, 1, 0, 1, 0, 1, 1, 0] [1, 0, 0, 1, 1, 0, 1, 0] [0, 1, 0, 1, 1, 0, 0, 1] [1, 0, 0, 1, 1, 0, 0, 1] [0, 1, 0, 1, 0, 1, 0, 1] 
IterativeDeepeningTreeSearch:		(cost=7.0, expansions=43)	[1, 0, 1, 0, 1, 0, 1, 0] [0, 1, 1, 0, 0, 1, 1, 0] [1, 0, 1, 0, 0, 1, 1, 0] [0, 1, 0, 1, 0, 1, 1, 0] [1, 0, 0, 1, 1, 0, 1, 0] [0, 1, 0, 1, 1, 0, 0, 1] [1, 0, 0, 1, 1, 0, 0, 1] [0, 1, 0, 1, 0, 1, 0, 1] 
Graph search: 

BreadthFirstGraphSearch:	(cost=7.0, expansions=72)	[1, 0, 1, 0, 1, 0, 1, 0] [0, 1, 1, 0, 0, 1, 1, 0] [1, 0, 1, 0, 0, 1, 1, 0] [0, 1, 0, 1, 0, 1, 1, 0] [1, 0, 0, 1, 1, 0, 1, 0] [0, 1, 0, 1, 1, 0, 0, 1] [1, 0, 0, 1, 1, 0, 0, 1] [0, 1, 0, 1, 0, 1, 0, 1] 
DepthFirstGraphSearch:		(cost=7.0, expansions=7)	[1, 0, 1, 0, 1, 0, 1, 0] [0, 1, 1, 0, 0, 1, 1, 0] [1, 0, 1, 0, 0, 1, 1, 0] [0, 1, 1, 0, 0, 1, 0, 1] [1, 0, 1, 0, 1, 0, 0, 1] [0, 1, 0, 1, 1, 0, 0, 1] [1, 0, 0, 1, 1, 0, 0, 1] [0, 1, 0, 1, 0, 1, 0, 1] 
UniformCostGraphSearch:		(cost=7.0, expansions=9)	[1, 0, 1, 0, 1, 0, 1, 0] [0, 1, 1, 0, 0, 1, 1, 0] [1, 0, 1, 0, 0, 1, 1, 0] [0, 1, 1, 0, 0, 1, 0, 1] [1, 0, 1, 0, 1, 0, 0, 1] [0, 1, 0, 1, 1, 0, 0, 1] [1, 0, 0, 1, 1, 0, 0, 1] [0, 1, 0, 1, 0, 1, 0, 1] 
GreedyBestGraphTreeSearch:		(cost=7.0, expansions=8)	[1, 0, 1, 0, 1, 0, 1, 0] [0, 1, 1, 0, 0, 1, 1, 0] [1, 0, 1, 0, 0, 1, 1, 0] [0, 1, 1, 0, 0, 1, 0, 1] [1, 0, 1, 0, 1, 0, 0, 1] [0, 1, 0, 1, 1, 0, 0, 1] [1, 0, 0, 1, 1, 0, 0, 1] [0, 1, 0, 1, 0, 1, 0, 1] 
AstarGraphSearch:		(cost=7.0, expansions=8)	[1, 0, 1, 0, 1, 0, 1, 0] [0, 1, 1, 0, 0, 1, 1, 0] [1, 0, 1, 0, 0, 1, 1, 0] [0, 1, 1, 0, 0, 1, 0, 1] [1, 0, 1, 0, 1, 0, 0, 1] [0, 1, 0, 1, 1, 0, 0, 1] [1, 0, 0, 1, 1, 0, 0, 1] [0, 1, 0, 1, 0, 1, 0, 1] 
IterativeDeepeningGraphSearch:		(cost=7.0, expansions=7)	[1, 0, 1, 0, 1, 0, 1, 0] [0, 1, 1, 0, 0, 1, 1, 0] [1, 0, 1, 0, 0, 1, 1, 0] [0, 1, 1, 0, 0, 1, 0, 1] [1, 0, 1, 0, 1, 0, 0, 1] [0, 1, 0, 1, 1, 0, 0, 1] [1, 0, 0, 1, 1, 0, 0, 1] [0, 1, 0, 1, 0, 1, 0, 1] 
